{
    "cameraMatrix": {
        "type_id": "opencv-matrix",
        "rows": 3,
        "cols": 3,
        "dt": "d",
        "data": [ 9.1337898083055268e+02, 0.0, 6.6461441671453326e+02,
            0.0, 9.1437229927332669e+02, 3.4943345680578994e+02, 0.0,
            0.0, 1.0 ]
    },
    "distCoeff": {
        "type_id": "opencv-matrix",
        "rows": 1,
        "cols": 5,
        "dt": "d",
        "data": [ 1.0071884061397075e-01, -6.2930470349671572e-02,
            -3.5125360719621187e-03, 4.3282177659107234e-03,
            -4.6048549141180889e-01 ]
    }
}
