{
    "cameraMatrix": {
        "type_id": "opencv-matrix",
        "rows": 3,
        "cols": 3,
        "dt": "d",
        "data": [ 1.3739327295347596e+03, 0.0, 9.7018316688355719e+02,
            0.0, 1.3795265907782734e+03, 5.6230611012837244e+02, 0.0,
            0.0, 1.0 ]
    },
    "distCoeff": {
        "type_id": "opencv-matrix",
        "rows": 1,
        "cols": 5,
        "dt": "d",
        "data": [ 2.7940263714662194e-02, 8.7040967641970102e-01,
            1.4087910160302036e-03, -4.9883445819485078e-05,
            -3.5037810378398371e+00 ]
    }
}
